source,ug_serv1_ac-load,ug_serv2_ac-load,ug_dc-load,ugs_dc-load,ugs_bess,ugs_1_pv,ugs_2_pv,rs_1_ac-load,rs_2_ac-load,ev-charge_ac-load,ev-fast_bess,ev-fast_pv,ev-fast_dc-load,user_ac-load,pros_1_ac-load,pros_bess,pros_dc-micro-wind,pros_pv,pros_dc-load,wpg_1_wind,wpg_2_wind,wpg_bess,wpg_pv
-893.1174434819385,40.000022985676324,59.99959977727292,3.999957322270876,3.99991433272414,9.99999992721659,0.0,0.0,20.000209833300634,30.000265032444364,20.00020324424801,-10.000000000421728,0.0,1.00001382735929,100.00170702873241,75.00060388364017,50.00000000114859,-2.999996213252698,0.0,0.6000053775944972,-41.999981788624,-41.999728236704286,99.99999999925737,0.0
-420.42032723127704,39.60001490251451,59.40003275279621,4.0000000000001705,4.000000000000226,9.999999999999993,0.0,0.0,19.80000220055509,29.700004933376313,19.800002807492284,-10.000000000000863,0.0,1.0000000000000266,99.0003781561144,74.25003393207979,50.00000000004202,-2.944444342970264,0.0,0.6,-41.22223019038549,-41.222230074758365,100.00000000000117,0.0
-418.52925799388424,39.20001457599733,58.800032025983185,4.000000000000211,4.0000000000000195,10.000000000000002,0.0,0.0,19.600002160297944,29.40000484292974,19.600002756327704,-10.00000000000081,0.0,1.0,98.00037040083826,73.50003331481564,50.000000000040096,-2.8888887900236133,0.0,0.6000000000000001,-40.444452087910555,-40.44445196864275,100.00000000000045,0.0
-416.6340739662994,38.80001425361532,58.20003130848544,4.000000000000179,3.999999999999985,10.000000000000256,0.0,0.0,19.400002120493813,29.100004753506155,19.400002707772714,-10.000000000000595,0.0,1.0,97.00036272874112,72.75003270411123,50.000000000038284,-2.8333332370495423,0.0,0.6000000000000001,-39.66667399197661,-39.66667386929224,100.00000000000131,0.0
-414.74130997451016,38.40001393535042,57.60003060025065,4.000000000000057,4.000000000000041,10.000000000000085,0.0,0.0,19.200002081069627,28.80000466493982,19.200002657171858,-10.000000000000693,0.0,0.9999999999999982,96.0003551453614,72.00003209988726,50.00000000003645,-2.7777776840459065,0.0,0.6,-38.88889590258523,-38.88889577671958,100.00000000000114,0.0
-412.8507092038915,38.000013621186504,57.00002990125976,4.000000000000288,3.9999999999999813,9.999999999999954,0.0,0.0,19.00000204210524,28.500004577406525,19.000002609453638,-10.000000000000886,0.0,1.0000000000000002,95.00034764461265,71.25003150166465,50.00000000003474,-2.722222131015235,0.0,0.6,-38.111117819751954,-38.11111769092765,99.99999999999937,0.0
-410.952623266198,37.60001331109908,56.40002921144426,4.00000000000013,4.000000000000005,9.999999999999947,0.0,0.0,18.800002003494,28.200004490673088,18.800002560128217,-10.000000000000481,0.0,0.9999999999999842,94.0003402300222,70.50003091014102,50.00000000003312,-2.666666577955655,0.0,0.6000000000000001,-37.33333974347993,-37.33333961193613,99.99999999999405,0.0
-409.07635588492565,37.20001300508149,55.800028530793256,4.000000000000121,3.9999999999999876,10.00000000000011,0.0,0.0,18.60000196534929,27.90000440499044,18.600002512886007,-10.000000000000574,0.0,1.0000000000000138,93.00033289989065,69.7500303242681,50.0000000000315,-2.6111110248683946,0.0,0.6000000000000002,-36.55556167378796,-36.55556153974622,100.00000000000091,0.0
-407.1815991907645,36.800012703109836,55.20002785925364,4.00000000000006,4.000000000000076,10.00000000000029,0.0,0.0,18.400001927587894,27.600004320172268,18.400002465281272,-10.000000000000654,0.0,0.9999999999999998,92.0003256554748,69.00002974498395,50.00000000002999,-2.5555554717532325,0.0,0.5999999999999999,-35.7777836106747,-35.777783474370445,99.99999999999815,0.0
-405.28316000671816,36.40001240517176,54.600027196793945,4.0000000000001,4.0,10.0,0.0,0.0,18.200001890239356,27.3000042362845,18.200002418572353,-10.000000000000517,0.0,0.999999999999976,91.0003184946515,68.25002917175324,50.000000000028535,-2.4999999186101673,0.0,0.6000000000000002,-35.00000555415846,-35.00000541581835,99.99999999999747,0.0
-403.3975529107729,36.00001211124649,54.00002654336525,4.0000000000000675,3.9999999999999822,9.999999999999929,0.0,0.0,18.00000185329745,27.000004153313178,18.000002372273784,-10.000000000000448,0.0,1.0000000000000135,90.00031141837775,67.50002860466634,50.00000000002713,-2.444444365439547,0.0,0.6000000000000001,-34.22222750424714,-34.222227364099396,100.00000000000153,0.0
-401.502575042176,35.60001182131644,53.4000258989359,4.000000000000062,3.9999999999999494,10.000000000000174,0.0,0.0,17.800001816750527,26.700004071231632,17.800002325924467,-10.000000000000428,0.0,0.9999999999999949,89.00030442778763,66.75002804415794,50.00000000002578,-2.388888812240715,0.0,0.6000000000000001,-33.444449460951056,-33.44444931922457,100.00000000000259,0.0
-399.6271182555702,35.20001153536787,52.80002526346963,4.0000000000000835,3.9999999999999387,9.999999999999847,0.0,0.0,17.600001780638134,26.40000399012923,17.600002280833397,-10.00000000000064,0.0,1.000000000000011,88.00029752051104,66.00002748942711,50.000000000024514,-2.33333325901462,0.0,0.6000000000000001,-32.666671424282676,-32.66667128120148,99.9999999999994,0.0
-397.7377799654341,34.80001125338259,52.20002463692329,4.0000000000000595,4.0,10.0,0.0,0.0,17.400001744910057,26.100003909894447,17.40000223594474,-10.000000000000508,0.0,1.000000000000005,87.00029069713091,65.25002694074696,50.000000000023256,-2.2777777057610744,0.0,0.6,-31.88889339424346,-31.88889325003806,100.00000000000085,0.0
-395.8524064485339,34.40001097534203,51.60002401925686,4.000000000000041,4.000000000000044,10.000000000000112,0.0,0.0,17.20000170957817,25.800003830552292,17.200002191347412,-10.00000000000062,0.0,0.9999999999999976,86.00028395760225,64.50002639831325,50.000000000022084,-2.222222152480315,0.0,0.6000000000000001,-31.111115370854847,-31.11111522574798,100.00000000000149,0.0
-393.9713981491929,34.00001070123253,51.00002341043684,4.000000000000233,4.000000000000014,9.99999999999997,0.0,0.0,17.000001674657543,25.50000375213733,17.000002147818673,-10.000000000000604,0.0,1.0000000000000004,85.00027730033155,63.75002586166545,50.00000000002095,-2.1666665991726974,0.0,0.5999999999999999,-30.33333735411945,-30.33333720833902,100.00000000000206,0.0
-392.08579817651673,33.60001043103114,50.400022810418506,4.000000000000224,4.000000000000099,9.999999999999872,0.0,0.0,16.80000164011652,25.20000367457612,16.800002103804633,-10.000000000000515,0.0,0.9999999999999893,84.00027072861744,63.00002533134371,50.00000000001986,-2.1111110458373923,0.0,0.6000000000000001,-29.55555934404829,-29.555559197820486,100.00000000000213,0.0
-390.1999308216739,33.20001016472758,49.80002221916888,4.000000000000117,3.9999999999999467,9.9999999999997,0.0,0.0,16.600001605986368,24.90000359794351,16.600002060956786,-10.00000000000034,0.0,0.9999999999999966,83.0002642394517,62.25002480701005,50.0000000000188,-2.0555554924751513,0.0,0.6000000000000002,-28.777781340651664,-28.77778119420318,100.00000000000247,0.0
-388.3208601734123,32.80000990230303,49.20002163665065,4.000000000000041,4.000000000000136,9.99999999999981,0.0,0.0,16.400001572253576,24.600003522202066,16.40000201869499,-10.000000000000252,0.0,0.9999999999999999,82.00025783248583,61.50002428853173,50.00000000001782,-1.9999999390865575,0.0,0.6,-28.00000334394324,-28.000003197493463,100.00000000000202,0.0
-386.42840142504394,32.40000964373514,48.6000210628171,4.000000000000142,4.000000000000048,9.99999999999983,0.0,0.0,16.200001538883175,24.300003447281068,16.200001976410327,-10.000000000000517,0.0,1.0000000000000107,81.0002515081384,60.75002377588801,50.000000000016854,-2.050000055705298,0.0,0.6000000000000001,-28.699996864209005,-28.699996851744785,99.99999999999959,0.0
-381.4937308007271,32.00000938889007,48.00002049736495,4.000000000000141,3.9999999999999014,9.999999999999751,0.0,0.0,16.000001504541167,24.000003370173197,16.00000193324742,-10.000000000000307,0.0,0.9999999999999976,80.0002452471776,60.00002324796976,50.00000000001594,-2.100000056564842,0.0,0.6,-29.399996683379463,-29.399996667315555,99.99999999999929,0.0
-376.54960162929876,32.49998772475411,48.7499713704658,6.999999755750531,6.999999738050128,9.999999999911974,0.0,0.0,16.24999809593987,24.37499568909724,16.24999752799251,-9.99999999999955,0.0,1.7499993450561835,81.24968527677481,60.93746987260097,49.99999999997854,-2.1500000590799777,0.0,1.0499997390973312,-30.099996497604142,-30.099996477790874,99.99999999999883,0.0
-386.6840917951672,32.99998732411547,49.4999704525173,9.99999964207814,9.999999616788212,9.999999999907423,0.0,0.0,16.49999804929535,24.749995583662262,16.499997455576047,-9.99999999999948,0.0,2.4999990521668334,82.49967548929787,61.87496913418947,49.99999999997681,-2.2000000612000923,0.0,1.499999622702701,-30.799996306954693,-30.799996283232538,99.9999999999966,0.0
-396.81937455908144,33.49998691604142,50.24996951779043,34.999983897048146,34.9999777442349,9.999999999003292,0.0,0.0,16.74999800192164,25.12499547658225,16.749997381416918,-9.999999999999359,0.0,8.749970218679877,83.74966605530263,62.81246874792846,49.999999999974065,-2.2500000640546878,0.0,5.249988363785158,-31.499996111124414,-31.499996083382484,99.99999999999817,0.0
-459.86839953986475,33.99998654753156,50.99996867146216,59.9999699697185,59.99995941308822,9.999999998894983,0.0,0.0,16.999997994104895,25.499995458432416,16.999997256150053,-9.99999999999934,0.0,14.999947245442822,84.99965679278681,63.74996853670099,49.99999999997033,-2.300000067551032,0.0,8.999979443347632,-32.19999591041108,-32.199995878494065,99.99999999999918,0.0
-522.9369702221541,33.70000781220115,50.55001720600663,84.99995514663951,84.9999401805502,9.999999998900865,0.0,0.0,16.850001173072947,25.27500263084326,16.850001660344446,-10.000000000000448,0.0,21.24992356457765,84.25020252547529,63.187518030440934,50.00000000001833,-2.3500000695919874,0.0,12.749970645182001,-32.899995704865574,-32.899995668609996,99.99999999999827,0.0
-579.0465530370032,33.40000763093724,50.10001680125205,109.9999378960331,109.99991851300783,9.999999998850512,0.0,0.0,16.700001127134332,25.050002527562178,16.700001668236116,-10.00000000000024,0.0,27.49989937847711,83.5001982979962,62.6250173704616,50.00000000001894,-2.400000072170296,0.0,16.499961445109882,-33.59999549445596,-33.59999545370424,100.00000000000335,0.0
-635.1692198400046,33.1000074519596,49.650016401643455,98.00001611197908,98.0000121357391,10.000000000368797,0.0,0.0,16.550001082017076,24.825002426128684,16.550001675759873,-10.000000000000535,0.0,24.500039739017218,82.7501946157341,62.062517066742714,50.000000000018375,-2.450000073472289,0.0,14.700015594431456,-34.299995279795276,-34.299995234286854,99.99999999999861,0.0
-602.2072905292716,32.80000731945908,49.20001610694909,133.9998729565522,133.99982395657923,9.99999999813595,-0.31500000361671987,-0.3150000036084039,16.400001075129115,24.60000241067526,16.400001632694284,-10.000000000000405,-0.6300002161918701,33.49981973487384,82.00019055936193,61.50001640388723,50.0000000000184,-2.5000000750599356,-1.0500006553270373,20.099932113128347,-34.99999505951014,-34.99999500921295,100.00000000000358,-0.8400000547380321
-681.6716981225999,34.933272267408334,52.399842800683224,130.00000981584907,130.00000922898226,10.000000000195378,-0.23999999968025187,-0.2399999996797797,17.46665883608529,26.199981872235035,17.4666536623721,-9.999999999997389,-0.4799999587358727,32.50001843434027,87.33181400044045,65.49986673428006,49.99999999982485,-2.474999960406788,-0.7999998717315457,19.5000074614126,-34.65000244179011,-34.65000240502756,100.00000000000155,-0.6399999898246967
-692.1717943099684,37.06659725677031,55.59982275974292,139.99996758786892,139.99996363525568,9.99999999934673,-0.34500000094035427,-0.34500000093952254,18.53332444729329,27.79997946377172,18.533318903271173,-9.999999999996211,-0.6900000861851403,34.99994666144346,92.66495010940216,69.49985121988604,49.99999999977106,-2.4499999590957127,-1.1500002679831425,20.99997875794579,-34.30000238577014,-34.300002348154955,99.999999999994,-0.9200000204470222
-734.5799477709572,39.199921770200845,58.7998016317383,199.99953958066445,199.99933580448607,9.999999992730864,-0.224999998501881,-0.22499999850064428,19.59999018435287,29.399977337774448,19.599984010231864,-9.999999999995513,-0.4499999325973896,49.999465089643266,97.99807983975558,73.49983908971456,49.9999999996774,-2.4249999567091773,-0.7499997850785555,29.999792409976877,-33.95000233385298,-33.95000229586792,99.99999999999683,-0.5999999846703122
-899.8627195543484,41.33324610056572,61.99978005115724,170.00009060217198,170.0000473519709,10.000000002068315,-2.3700000438751987,-2.370000040829777,20.66665616005551,30.99997574594205,20.66664821688514,-9.999999999992909,-4.740013424168255,42.500196029485664,103.33119476957097,77.49982605913682,49.99999999960764,-2.399999956518319,-7.900038584895025,25.500075370085764,-33.60000227796983,-33.600002239102984,99.99999999999596,-6.320002693761614
-825.3308690279855,43.46656908995641,65.19975550026706,158.00003820483704,158.00003177488156,10.000000001054023,-2.535000006982294,-2.535000006966439,21.73332253803491,32.599975066359754,21.733315080174968,-9.999999999993173,-5.070001048179736,39.50007212136457,108.66429799487591,81.49981629290781,49.99999999957292,-2.374999958671469,-8.45000322007799,23.700029115345444,-33.25000226084265,-33.25000222758403,100.00000000000071,-6.760000221002324
-814.1735614571688,45.59989149901226,68.39972962167717,133.000053795329,133.00003031924066,10.000000002232602,-1.2449999848344744,-1.244999984235345,22.79998799219868,34.1999723035416,22.799980334706817,-9.999999999992172,-2.489995780380978,33.25012884895198,113.99737557222682,85.49979174214194,49.99999999947803,-2.349999957550362,-4.14998665902109,19.95005428129729,-32.90000221061965,-32.9000021772611,99.99999999999807,-3.3199991121463888
-786.3431964635449,47.73321304762432,71.59970180539362,108.0000427097235,108.0000236564442,10.00000000250543,-3.9000000826451435,-3.900000074992871,23.86665240584002,35.79996719629624,23.86664461602541,-9.999999999989605,-7.800027301830622,27.000104829999298,119.33044162870303,89.49976899564018,49.99999999939166,-2.3249999574591165,-13.000078270934718,16.20004001736796,-32.550002137072724,-32.550002099548394,100.00000000000446,-10.400005233946324
-718.8128779687668,49.86653412272036,74.7996729190622,102.00001138463666,102.00001034828881,10.000000000741805,-6.7200003052702275,-6.720000290421755,24.933319082790774,37.39996719031528,24.933311941614434,-9.999999999990603,-13.44004453855797,25.500022102976317,124.66351692709688,93.49976949253326,49.99999999937455,-2.29999996160944,-22.40012906330264,15.300008433412264,-32.20000212878845,-32.20000209812307,99.99999999999926,-17.92000864029936
-695.4380181908979,51.999854705562456,77.99964290108214,108.99998408110531,108.99998257318589,9.999999998963633,-5.354999830176713,-5.354999827249777,25.99998610344116,38.999967957363154,25.99997922133582,-9.999999999991243,-10.709983212155343,27.24997210389629,129.99657214304398,97.49976027151772,49.999999999281556,-2.2749999627648685,-17.849944675170736,16.34998813378736,-31.850002122902232,-31.850002099382753,100.00000000000003,-14.279996474572108
-745.4978900864718,54.13317446514894,81.19961100341655,115.99998158516831,115.99997997957067,9.999999998811399,-8.040000516177566,-8.040000500165212,27.066650541849356,40.599962902740344,27.066642725099292,-9.999999999987995,-16.08005155488999,28.99996921215569,135.32960437665957,101.49973946723614,49.99999999911509,-2.2499999615177027,-26.800151580563167,17.39998847634682,-31.500002050167407,-31.50000202229492,99.99999999999406,-21.440009378494732
-754.813518799777,56.26649374526722,84.3995780190834,106.0000184951116,106.00001550187693,10.000000001712278,-4.154999746545707,-4.154999728557261,28.133317641829343,42.199963847468496,28.133309723554206,-9.999999999987796,-8.309959681309133,26.50004046210363,140.66262331565463,105.49971886993075,49.99999999894574,-2.2249999610990803,-13.849860999917285,15.900018119777759,-31.150002041991826,-31.150002020746697,99.99999999999912,-11.07999182505679
-789.3325640703619,58.39981172564833,87.59954210314608,96.00001878575168,96.00001607453169,10.000000001940911,-8.79000062855899,-8.790000576023118,29.19997989821872,43.79995387368291,29.19997091563608,-9.99999999997996,-17.580107657013393,24.000038650575984,145.99561503313686,109.49968399920581,49.99999999869662,-2.199999958853225,-29.30029779248825,14.400014147054883,-30.800001931447774,-30.800001899267073,99.9999999999968,-23.44001722239933
-738.0602506179016,58.20001737017138,87.30003881576789,101.99998790748994,101.99998687053132,9.999999998887333,-8.534999953133552,-8.534999952936754,29.10000163484529,43.65000367387484,29.100002309515787,-10.000000000001144,-17.069994940072377,25.499977423051973,145.50040912387266,109.12502606547515,50.00000000010348,-2.191666654903066,-28.449984304405582,15.299990977912962,-30.68333399419982,-30.683333991549333,100.00000000000054,-22.75999907255975
-753.5669109242915,58.0000172322478,87.00003850606134,96.00000971680038,96.00000874112163,10.000000001034088,-9.54000014271157,-9.540000140155744,29.000001632853554,43.50000366943883,29.000002324650126,-10.0000000000015,-19.08002206138472,24.00002037566346,145.00040602332274,108.75002570064592,50.00000000010047,-2.1833333217772406,-31.80006558277151,14.400007939038812,-30.566667320690065,-30.566667317732964,100.0000000000015,-25.44000391378411
-727.4682070968362,57.80001709647789,86.70003820124063,72.00001866014804,72.00000696337194,10.000000003611753,-9.539999999999964,-9.540000000000003,28.90000155759889,43.350003499881375,28.900002208869957,-10.000000000001389,-19.08000000000009,18.000055606636916,144.5004028376619,108.37502510954837,50.00000000009321,-2.174999989071689,-31.799999999999628,10.800022627706992,-30.450000653619846,-30.45000065146618,100.0000000000023,-25.440000000000186
-668.1480640267068,57.60001698175158,86.40003794387916,72.00000000001283,71.99999999999815,9.99999999999969,-8.879999905586883,-8.8799999043976,28.80000156709096,43.2000035211907,28.800002143511296,-10.000000000001094,-17.759987312648974,17.999999999973323,144.00040028024472,108.00002522600192,50.00000000009128,-2.1666666558075196,-29.599960000711377,10.799999982810908,-30.33333398146347,-30.33333397922509,100.00000000000028,-23.67999753240519
-673.2671516354039,58.19994770927721,87.29987958260925,75.99999455116601,75.99999420809442,9.999999999266898,-10.740000370257386,-10.740000360136989,29.099995113907994,43.649988930717726,29.099993265009218,-9.999999999996195,-21.480042721023892,18.99998973949274,145.4987769775256,109.12492267490867,49.99999999971259,-2.1583333224082435,-35.80012680959411,11.39999612158383,-30.216667305994577,-30.21666730309511,100.00000000000043,-28.64000774205426
-669.6986507319959,58.79994653079909,88.19987689732258,83.99998761601313,83.99998609883616,9.999999998460874,-10.439999934914644,-10.43999993458931,29.39999538199512,44.09998953404925,29.399993582673595,-9.999999999996533,-20.879993560521996,20.99997790777678,146.99875343331865,110.24992422548607,49.999999999709736,-2.1499999895111817,-34.79997942469272,12.599990943378447,-30.100000643329334,-30.100000641949784,100.00000000000155,-27.839998766866323
-697.5191202041495,59.39994530468519,89.0998741039729,85.99999697298645,85.9999968759364,9.999999999611354,-12.165000371032935,-12.165000361220695,29.699995222978917,44.549989174871314,29.699993306508915,-9.999999999996323,-24.330042916884203,21.499994477486464,148.49872767673656,111.3749237167048,49.999999999698176,-2.1416666562579594,-40.550128178527174,12.899997917015568,-29.98333396972089,-29.983333967990784,99.99999999999746,-32.44000761245324
-690.4856807493429,59.99994408580142,89.99987132752199,77.00000959033885,77.00000783070759,10.000000001684162,-14.175000305537717,-14.175000289913275,29.99999546535715,44.999989720327086,29.99999360554684,-9.999999999996641,-28.35005292767341,19.250019508556694,149.99870488043328,112.49992701458667,49.99999999971075,-2.1333333238658385,-47.25015625847648,11.550007600352746,-29.8666673062827,-29.866667305949314,99.99999999999613,-37.800009317835986
-654.1105529632175,60.59994283096714,90.8998684709515,68.0000075239636,68.00000597056395,10.00000000170125,-14.205000004149067,-14.205000004153142,30.29999574030341,45.44999033932102,30.299994063657373,-9.999999999996962,-28.41000073139586,17.000015900251192,151.4986802173242,113.62492870151777,49.999999999716735,-2.1249999912354864,-47.350002340773855,10.200006699616544,-29.75000064422308,-29.75000064551606,100.00000000000134,-37.88000013945039
-637.6556530091764,61.199941521510866,91.7998654909704,69.99999790646842,69.99999782752576,9.999999999590138,-9.61499925815584,-9.6149992000823,30.59999560180755,45.899990026674736,30.599993967880877,-9.999999999996929,-19.229914399068555,17.499995718384447,152.99864770905256,114.74992191865928,49.999999999676845,-2.1166666569589614,-32.049686424063886,10.49999783668154,-29.633333972266332,-29.633333973485044,99.99999999999852,-25.63998187261186
-694.1940653155776,61.7999401286968,92.69986232147858,76.99998963330643,76.99998856837703,9.999999998437685,-11.805000532636303,-11.80500051722765,30.899994502762024,46.34998754914931,30.89999251656282,-9.99999999999495,-23.610057048699712,19.249981088063148,154.49861350524583,115.87491349578218,49.99999999962037,-2.1083333222925984,-39.350168284688806,11.549992899191059,-29.51666727742827,-29.51666727465899,99.99999999999895,-31.480009579272995
-694.5376841580387,62.39993886297024,93.59985943846526,83.99998904753959,83.99998788562024,9.999999998395232,-8.69999941962643,-8.699999395315336,31.19999486705194,46.79998836931595,31.199992932353297,-9.99999999999579,-17.399939449652436,20.999978985137364,155.99858611008705,116.99991271371908,49.9999999996014,-2.0999999889578604,-28.99979247764809,12.599990619865782,-29.400000616292495,-29.400000615284917,99.99999999999926,-23.199988449600752
-748.2005434651853,62.40000000000033,93.60000000000053,139.99973068728218,139.99960646456353,9.999999983342194,-8.925000100854511,-8.92500010078631,31.199999999999868,46.799999999999855,31.199999999999825,-10.000000000000087,-17.85000499981529,34.99965401514567,155.9999999999999,117.0,50.0,-2.4500006062412036,-29.750015675432575,20.9998674470868,-34.2999660300605,-34.29996193684089,100.0000000000009,-23.800000713416498
-870.7972521275908,62.40000000000089,93.59999999999789,124.0000351749648,124.00002620149459,10.000000003464475,-11.460000362197793,-11.460000342012364,31.199999999999832,46.79999999999995,31.19999999999982,-9.999999999999893,-22.920072304252617,31.000074079993627,155.99999999999997,117.0,50.00000000000001,-2.8000006683021064,-38.20020417518115,18.600027678941245,-39.19995433566723,-39.19994944353401,99.99999999999851,-30.560008568866326
-796.5646798106116,62.39999999999996,93.60000000000288,104.00002931221573,104.00001756279279,10.000000004093774,-15.000000393951776,-15.000000341965322,31.200000000000273,46.79999999999879,31.200000000000163,-10.000000000000025,-30.000110621065595,26.00006367706701,156.00000000000003,116.99999999999997,49.99999999999999,-3.1500006387994146,-50.00030127678579,15.600023101593976,-44.099940263894,-44.09993439559891,100.0000000000018,-40.000011533293424
-702.6145856664234,62.40000000000039,93.59999999999998,123.99994543653332,123.99993141891542,9.999999995113473,-8.789998393478161,-8.789998296248639,31.199999999999896,46.80000000000031,31.200000000000056,-10.000000000000178,-17.57988754668478,30.999915230297326,156.0,117.0,50.000000000000014,-3.500000706080609,-29.29957723334688,18.59995952931959,-48.99992403538168,-48.99991704983863,100.00000000000065,-23.43998273520851
-803.2442897708604,62.99993756785679,94.49985648475773,135.99995918987094,135.99995365054494,9.999999996868517,-11.145000728558172,-11.145000711752195,31.49999426755452,47.24998701638597,31.49999168001981,-9.999999999993598,-22.290064755199914,33.99993534238291,157.49855774106047,118.12491010163784,49.999999999534225,-3.5500001232712224,-37.15018915148315,20.399975995731424,-49.69998889938786,-49.69998863356814,100.00000000000007,-29.720008271889203
-812.2949425137062,63.5999362785584,95.3998535477606,116.00003636134672,116.0000232491566,10.000000004528866,-9.914999873970837,-9.9149998694566,31.799994691003043,47.69998796994703,31.799992113412692,-9.999999999994444,-19.8299705794958,29.000083183041625,158.9985310860378,119.24991109046528,49.999999999538545,-3.6000001196682847,-33.04990666810838,17.400035005983256,-50.399988450322134,-50.39998815449832,100.00000000000247,-26.439995902765304
-780.321137414966,64.19993483499537,96.29985026573712,80.0000307899933,80.00000152387909,10.000000007596176,-12.70499998917241,-12.704999962021606,32.09999422820931,48.14998692644292,32.099991710076736,-9.99999999999341,-25.410083197761676,20.00009577410698,160.49850017430538,120.37490844319558,49.999999999538666,-3.650000118339176,-42.35023400575324,12.000036445235622,-51.099988177675314,-51.09998788245001,99.99999999999841,-33.88001003920181
-669.3190261947791,64.79993342546041,97.1998470623922,85.99999034619952,85.9999894720892,9.99999999846176,-6.5249991068960576,-6.52499903545101,32.39999461851035,48.59998780624858,32.399992605020046,-9.999999999995062,-13.049904323361485,21.499980512681738,161.9984685410002,121.49990483084102,49.99999999951219,-3.7000001222183077,-21.749650028260753,12.8999904937395,-51.79998769177609,-51.79998736176581,99.99999999999815,-17.399984122962284
-749.8693013583852,65.39993189405634,98.09984357888408,97.99997126518937,97.99996727709137,9.99999999660751,-8.40000043022874,-8.400000422324148,32.69999309212764,49.04998436454035,32.69999054050213,-9.999999999991156,-16.800043864511927,24.499947553385734,163.49842875823813,122.62489224798688,49.99999999940093,-4.400002382194501,-28.000128921264817,14.699980365898888,-61.599767330256896,-61.59973526498216,99.99999999999125,-22.400003685061236
-745.0001282681682,65.99993053083641,98.99984047466337,99.99999569346915,99.99999558052671,9.99999999944398,-9.270000176265185,-9.270000174505775,32.99999344209097,49.49998515249402,32.99999088341208,-9.999999999991921,-18.540021379030257,24.999991682636157,164.99840336521157,123.74989563487924,49.999999999410335,-5.100002621321135,-30.90006426432467,14.999996816596806,-71.3996806570614,-71.39964172025203,99.99999999998087,-24.72000154865875
-726.1870813409024,66.59992910893092,99.89983723891629,94.00001077052356,94.00000981462715,10.000000001645445,-10.185000159692226,-10.185000157538349,33.299993535121324,49.94998536145795,33.2999909889502,-9.999999999992102,-20.370023885496966,23.500022258703684,166.49837528780955,124.87489664609342,49.999999999410534,-5.800002879072543,-33.95007156739402,14.100008743330974,-81.19958220403714,-81.19953606368841,99.99999999997385,-27.160001396911625
-687.6757569598335,67.19992765562435,100.79983393309706,86.00001223997958,86.00001068563454,10.000000002210795,-7.364999661212081,-7.364999644093151,33.599993617623426,50.399985546890065,33.59999116448471,-9.999999999992468,-14.729945383173753,21.500027798137147,167.99834273163648,125.99989318930434,49.99999999937932,-6.500003281292759,-24.549820901917336,12.90001177458415,-90.99947128812988,-90.99941744031135,99.999999999942,-19.639996344216787
-681.9775366197673,69.06642640004499,103.59942767350906,99.99996347412349,99.99995793337801,9.999999995127098,-5.72999971398912,-5.729999709329269,34.53331038827647,51.79994753426028,34.53330177223715,-9.999999999969058,-11.459972357946082,24.999933565625817,172.66120217951794,129.4996186260222,49.99999999752433,-6.3999994682277785,-19.099910171839923,14.999972262765539,-89.60007449824947,-89.60007541795079,100.00000000000956,-15.279996907666941
-751.5711059363663,70.93307794355154,106.39939263834049,113.99995453544726,113.99994821415311,9.999999994590478,-3.9449997678125728,-3.9449997639812593,35.4666410419335,53.19994146575108,35.466631170491205,-9.999999999958638,-7.889976791113032,28.499915637199,177.3275334714943,132.9995771931281,49.99999999689719,-6.299999420758507,-13.1499253159686,17.099965034150735,-88.20007189664403,-88.2000727069337,100.00000000000578,-10.519997426934793
-822.7097050088732,72.79972888872322,109.19935624348471,129.99993437503215,129.99992495160222,9.999999993092004,-4.785000144188335,-4.785000143405314,36.39997143732821,54.599934812651334,36.39996020932178,-9.999999999944986,-9.570014186396225,32.499882202389344,181.993862169907,136.49954341829692,49.9999999962599,-6.199999390213016,-15.950043186784715,19.499954223210544,-86.80006931197477,-86.80007001152185,100.00000000001175,-12.760001419809491
-872.2428831196098,74.66637944849691,111.99931897009887,131.99999239858582,131.99999224987982,9.99999999910888,-2.279999828286767,-2.2799998239780437,37.33330387299937,55.99993276221795,37.3332918426532,-9.99999999993875,-4.559978667864007,32.999984524084724,186.6601842968791,139.9995130747077,49.99999999563545,-6.0999993733239295,-7.599931668192055,19.799993160261828,-85.40006721640265,-85.40006788558195,100.00000000000531,-6.079997702398003
-921.7728520883227,76.53302909663884,114.79927964018475,137.99997348054268,137.99997207362864,9.999999997028235,-4.260000279880462,-4.260000275563096,38.26663332068862,57.3999239688123,38.26662005311964,-9.999999999917977,-8.520033228590945,34.49994861096973,191.3264883787217,143.49947447143444,49.99999999485613,-5.824998256826115,-14.200098327280312,20.69998073130504,-81.55016826069158,-81.55016591530475,100.00000000001177,-11.360003392888167
-940.7185051484682,78.3996785165605,117.59923978621899,114.00006416199122,114.00004557110663,10.000000011322317,-2.5349999252390507,-2.534999922897537,39.199966512180424,58.799923625254934,39.19995306507381,-9.999999999916112,-5.069982510226424,28.5001649073767,195.99279676901944,146.9994513664809,49.99999999439086,-5.549998338597872,-8.449945449549293,17.10006760109386,-77.70015338198363,-77.70015098782851,100.00000000001305,-6.759998059366688
-924.699477368946,79.19985887811016,118.79967535431223,86.00005165429373,86.00003257982438,10.000000012868597,-3.330000035100352,-3.3300000346265346,39.59998434357436,59.399964544063366,39.59997876268797,-9.999999999957431,-6.660010853324953,21.500147810563174,197.9968280389483,148.49975458234167,49.999999997478845,-5.2749983970641905,-11.100032042984736,12.900057732246957,-73.85013764692292,-73.8501349625327,100.00000000000537,-8.880001161898726
-864.1337003757735,79.99985554454359,119.99966776496416,82.00000855699284,82.0000081861588,10.000000002028711,-0.9749999411881165,-0.9749999395412322,39.99998416489953,59.99996414108695,39.99997900775779,-9.999999999959165,-1.9499905314143153,20.500021031131553,199.9967561049216,149.9997464717101,49.99999999735484,-4.999998461661486,-3.2499702659465637,12.30000828649898,-70.00012370072129,-70.00012093698552,100.00000000000506,-2.5999988707459893
-893.2753973844497,79.60007143561668,119.40015929879385,83.9999952570692,83.99999516182046,9.999999999001966,-1.2000000077594173,-1.2000000077556563,39.80000840717198,59.700018907475055,39.80001100832523,-10.000000000023958,-2.4000011593081876,20.999988698280376,199.001614359783,149.25012873435378,50.00000000135333,-4.624997997413502,-4.0000034508251545,12.599995674806536,-64.75014331276567,-64.7501369127209,99.99999999999862,-3.2000001393953763
-903.0886066878488,79.20007060037888,118.8001574234039,70.00002315012954,70.00001927014057,10.000000006448245,-0.8699999943343852,-0.869999994294353,39.60000828146156,59.40001862400851,39.60001088042051,-10.000000000023434,-1.739998769966281,17.50006431190065,198.00159745030277,148.5001276925933,50.00000000130892,-4.249998174946549,-2.8999963258960317,10.500025092160197,-59.500120472016874,-59.500114177996664,99.99999999999838,-2.3199998459833333
-879.9075248955291,78.16017803338066,117.2403900805914,77.99998222211337,77.99998080962985,9.999999996250581,-0.7349999969434042,-0.7349999969350001,39.0800213322148,58.62004779960935,39.08002761810338,-10.000000000058,-1.4699995791050586,19.499958166300413,195.40404792646711,146.55032389562018,50.000000003213856,-3.874998348752623,-2.4499987441292035,11.699983890083335,-54.25009931866364,-54.25009316693658,100.0000000000044,-1.959999945106434
-902.1555682513665,77.12017257052307,115.68037791622288,70.00001360448681,70.00001233754774,10.000000003387042,-0.029999999530109678,-0.02999999952499583,38.56002078118718,57.840046560416326,38.56002713156852,-10.000000000055593,-0.05999990990638593,17.500036859087885,192.80393666313404,144.60031769388763,50.000000003041364,-3.49999851265917,-0.09999973039830398,10.50001430107654,-49.00008020531965,-49.00007429163804,100.00000000000205,-0.07999998772031502
-891.5653875180161,76.08016726231332,114.12036610451635,95.9999166031827,95.999898235422,9.999999987904568,-0.060000000073450244,-0.06000000007351733,38.0400205850887,57.06004612075864,38.0400267386752,-10.000000000053419,-0.12000000763258796,23.999828476830707,190.20382654124273,142.6503110428305,50.0000000029401,-3.4749999009447627,-0.200000022792494,14.399934704740081,-48.65000512116724,-48.650005124822,99.99999999999865,-0.16000000095096534
-945.4857206627266,75.0401619542232,112.56035428652388,86.00002124565754,86.00001881291911,10.00000000392104,-0.04499999998524206,-0.04499999998521276,37.52001985317666,56.28004447497592,37.520026354751714,-10.00000000005188,-0.08999999712748893,21.500056369825547,187.6037156823744,140.70030194805184,50.00000000276104,-3.449999902677794,-0.14999999153482216,12.900021666501601,-48.30000504306197,-48.300005045409215,99.99999999999596,-0.11999999964254693
-913.0026334036463,74.00015681595369,111.0003428598794,82.0000083371333,82.00000796587774,10.000000001523597,-0.04499999999999979,-0.04500000000000099,37.00001932421852,55.50004328440916,37.000025521298504,-10.000000000048,-0.09000000000000113,20.50002125533488,185.0036076357547,138.75029357134318,50.00000000255456,-3.4249999050199453,-0.14999999999996402,12.300008160192503,-47.95000496453301,-47.950004965403735,99.99999999999392,-0.12
-894.8735898003895,72.96015176861442,109.4403316373651,64.00002408393632,64.00001822444106,10.00000000611412,-0.04235294117470112,-0.04235294117469708,36.48001876977736,54.72004203694134,36.4800247325159,-10.000000000044539,-0.0847058818928314,16.00007191193409,182.40350200641552,136.80028582764731,50.00000000234127,-3.399999907659824,-0.14117646923487778,9.600027745837046,-47.600004886769966,-47.60000488627426,100.0000000000004,-0.11294117641099465
-842.9918959248198,71.9201468581548,107.88032072681764,77.9999689791746,77.99996465675328,9.999999994849775,-0.0397058823495369,-0.03970588234953361,35.96001829677047,53.9400409723415,35.960023793764464,-10.000000000039801,-0.0794117642855972,19.49993032568303,179.80339682513386,134.85027705182284,50.00000000218354,-3.3749999095545036,-0.13235293992452735,11.69997335525736,-47.25000480997059,-47.250004808060694,100.00000000000382,-0.10588235288520124
-868.2917904335311,70.88014196828206,106.32030985624455,74.00000709478999,74.00000675999664,10.000000001313389,-0.037058823527173004,-0.03705882352716867,35.44001767758298,53.16003958024085,35.440023301695355,-10.000000000038114,-0.07411764666818133,18.500018305825158,177.203293365895,132.90026863415912,50.00000000204119,-3.3499999112396233,-0.12352941060943956,11.100007035038734,-46.900004733519665,-46.90000473024783,100.00000000000006,-0.09882352935941481
-850.1871331138192,69.84013722298789,104.76029931577197,40.0000203589678,40.00000730853017,10.000000009150412,-0.03441176470539866,-0.03441176470539414,34.9200171553256,52.38003840570398,34.92002258155952,-10.000000000035326,-0.06882352905505325,10.00007885258529,174.603194089569,130.95026212905108,50.000000001839666,-3.3249999142616278,-0.11470588130892742,6.000030642930854,-46.55000465726307,-46.550004652706406,99.99999999999723,-0.09176470583365606
-759.7868543238803,68.8001326673876,103.2002892093747,67.99994310166227,67.99992803825334,9.999999990706897,-0.03176470587917141,-0.03176470587917009,34.400016794174945,51.60003759287004,34.40002148402102,-10.00000000003101,-0.06352941144771519,16.99988281469553,172.00309401061784,129.00025348181518,50.00000000171492,-3.299999916007738,-0.10588235198994655,10.199955320427986,-46.200004582417435,-46.20000457648778,99.99999999999858,-0.0847058823078951
-818.8246709867443,68.8,103.20000000000047,38.000018045198075,38.00000839377514,10.000000008078572,-0.02911764705825902,-0.029117647058257035,34.40000000000113,51.5999999999994,34.400000000000844,-10.000000000000039,-0.058235293822976764,9.500064875547148,172.00000000000023,129.00000000000003,50.000000000000014,-3.274999916478966,-0.09705882265572865,5.7000254861193405,-45.85000450746941,-45.85000450027977,100.00000000000085,-0.07764705878215772
-747.2711580141261,68.80000000000257,103.2000000000021,51.99998088716892,51.9999780089248,9.999999995514827,-0.02647058823317606,-0.02647058823317465,34.40000000000071,51.60000000000069,34.40000000000006,-9.999999999999762,-0.05294117620827517,12.99995645557119,172.00000000000006,128.99999999999997,50.0,-3.2499999173505496,-0.08823529332563221,7.799983133769397,-45.50000443368,-45.50000442518159,99.99999999999798,-0.07058823525643322
-781.7545355303778,68.80000000000194,103.20000000000087,46.000005943835475,46.0000054763362,10.000000001781416,-0.023823529410513772,-0.02382352941051271,34.400000000000745,51.60000000000054,34.39999999999982,-9.999999999999952,-0.04764705858503244,11.500016153388888,172.00000000000003,129.0,50.0,-3.224999917834153,-0.07941176399174649,6.900006295945851,-45.15000436022212,-45.15000435047161,100.00000000000296,-0.06352941173072521
-768.0444831732382,68.79999999999922,103.19999999999999,18.000007543701862,18.00000356376599,10.000000007441528,-0.021176470587839988,-0.021176470587839277,34.400000000000496,51.599999999999554,34.400000000000105,-10.000000000000377,-0.04235294096533659,4.500028331707778,172.00000000000026,128.99999999999997,50.000000000000014,-3.199999919409941,-0.07058823466663997,2.700011143381418,-44.800004287088484,-44.800004276141586,99.99999999999925,-0.056470588205033215
-701.3307860834783,63.600550674035745,95.40101942645263,18.000000000110127,17.99999999999965,9.999999999999812,-0.01852941176385157,-0.018529411763850097,31.80007564637707,47.70016478871685,31.800092398362143,-10.000000000126352,-0.03705882335605859,4.499999999999985,159.00073418902116,119.25106523653947,50.000000005470426,-3.174999928313987,-0.06176470539011808,2.6999999999643656,-44.45000421462312,-44.45000420247055,99.9999999999988,-0.04941176467935426
-656.1729315824361,58.40045208539965,87.60081662340437,4.000000673662758,4.000000452933277,10.000000001714694,-0.015882352940837324,-0.01588235294083689,29.200063810132292,43.80013859165881,29.200078173577747,-10.000000000084611,-0.03176470574484837,1.0000027883357314,146.00056503960727,109.50089766274459,50.00000000354289,-3.149999934672538,-0.05294117608304688,0.6000010298437206,-44.10000414258582,-44.10000412927531,99.99999999999861,-0.04235294115369092
-577.3780322015945,53.20036505259175,79.80063971511855,4.000000000008981,4.0000000000001235,10.000000000000055,-0.013235294117168318,-0.013235294117167885,26.600053469228833,39.9001157673772,26.600064696158896,-10.000000000053806,-0.026470588130873406,0.9999999999999893,133.0091998342947,99.75074549237223,50.000000002222265,-3.124999940671306,-0.04411764676318175,0.5999999999953702,-43.75000407132843,-43.75000405684924,100.00000000000196,-0.035294117628041695
-532.3992564245647,48.000288471926865,72.00048607101263,4.000000000004968,3.999999999999914,9.999999999999785,-0.010588235293774314,-0.010588235293773847,24.000043908393337,36.00009470200201,24.00005320182545,-10.00000000003375,-0.021176470511628152,0.9999999999999859,120.00744511852236,90.00060829893253,50.00000000135011,-3.099999946153286,-0.035294117430667765,0.5999999999965266,-43.40000400066939,-43.40000398505006,99.99999999999878,-0.028235294102404905
-487.4989863854522,46.00010253197903,69.00020770856517,4.000000000001782,3.999999999999902,9.999999999999966,-0.007941176470312537,-0.007941176470312445,23.000014912756416,34.500032986900244,23.000018629622463,-10.00000000000868,-0.015882352886831395,0.9999999999999969,115.00258879484292,86.2502214426483,50.000000000425615,-3.074999947183758,-0.026470588074812763,0.5999999999968453,-43.050003930771545,-43.05000391401977,99.99999999999757,-0.021176470576781348
-470.7104832144789,44.00009286072051,66.00018698633453,4.000000000001377,3.9999999999998828,9.99999999999967,-0.005294117646882367,-0.005294117646882138,22.00001371094281,33.000030306549185,22.000017147869457,-10.000000000007033,-0.010588235259151771,1.0000000000000049,110.0023630470003,82.50020346702289,50.0000000003444,-3.049999949432708,-0.017647058720257625,0.5999999999972017,-42.70000386146796,-42.70000384361184,99.99999999999312,-0.014117647051172334
-453.9350875212188,42.00008373794505,63.00016749559964,4.0000000000010045,4.000000000000041,9.999999999999778,-0.0026470588234448374,-0.002647058823444697,21.000012566622903,31.500027755802474,21.00001573697508,-10.000000000005546,-0.00529411763020057,0.9999999999999851,105.0021483219922,78.75018635193219,50.00000000027633,-3.024999951630554,-0.008823529361964804,0.599999999997528,-42.35000379276776,-42.35000377381954,99.99999999999949,-0.007058823525579157
